93
93.15
93.25
93.35
93.45
93.55
93.7
93.75
93.85
93.9
94.05
94.15
94.25
94.4
94.5
94.55
94.7
94.8
94.95
95.05
95.2
95.25
95.4
95.5
95.65
95.85
95.95
96.2
96.45
96.6
97
97.25
97.4
97.65
97.8
97.9
98.1
98.2
98.3
98.5
98.65
98.85
99.1
99.25
99.35
99.55
99.65
99.75
100
100.15
100.4
100.6
100.8
100.9
101.1
101.25
101.35
101.55
101.8
102.05
102.15
102.35
102.55
102.7
102.85
103.2
103.35
103.55
103.7
103.9
104.05
104.3
104.45
104.6
104.85
105
105.2
105.35
105.55
105.75
105.95
106.1
106.35
106.55
106.75
106.95
107.15
107.35
107.55
107.8
108
108.2
108.45
108.65
108.8
108.95
109.1
109.3
109.55
109.8
110.05
110.25
110.5
110.75
110.85
111
111.3
111.55
111.8
112.1
112.3
112.65
112.9
113.1
113.5
113.65
113.95
114.3
114.5
114.65
114.9
115.25
115.4
115.6
115.9
116.15
116.3
116.4
116.6
116.85
117.15
117.3
117.45
117.65
117.95
118.2
118.35
118.5
118.8
118.95
