784.0 93.0
785.0 93.15
786.0 93.25
787.0 93.35
788.0 93.45
788.0 93.55
789.0 93.7
790.0 93.75
791.0 93.85
792.0 93.9
793.0 94.05
794.0 94.15
795.0 94.25
796.0 94.4
797.0 94.5
798.0 94.55
799.0 94.7
801.0 94.8
802.0 94.95
803.0 95.05
804.0 95.2
806.0 95.25
807.0 95.4
808.0 95.5
811.0 95.65
812.0 95.85
813.0 95.95
815.0 96.2
816.0 96.45
817.0 96.6
820.0 97.0
821.0 97.25
822.0 97.4
825.0 97.65
826.0 97.8
827.0 97.9
829.0 98.1
830.0 98.2
831.0 98.3
834.0 98.5
835.0 98.65
836.0 98.85
839.0 99.1
840.0 99.25
841.0 99.35
842.0 99.55
843.0 99.65
844.0 99.75
847.0 100.0
848.0 100.15
849.0 100.4
852.0 100.6
853.0 100.8
854.0 100.9
857.0 101.1
858.0 101.25
859.0 101.35
862.0 101.55
863.0 101.8
866.0 102.05
867.0 102.15
868.0 102.35
870.0 102.55
871.0 102.7
872.0 102.85
875.0 103.2
876.0 103.35
877.0 103.55
880.0 103.7
881.0 103.9
884.0 104.05
885.0 104.3
886.0 104.45
889.0 104.6
890.0 104.85
895.0 105.0
896.0 105.2
898.0 105.35
899.0 105.55
902.0 105.75
903.0 105.95
904.0 106.1
908.0 106.35
909.0 106.55
912.0 106.75
913.0 106.95
914.0 107.15
917.0 107.35
918.0 107.55
922.0 107.8
923.0 108.0
926.0 108.2
927.0 108.45
930.0 108.65
931.0 108.8
932.0 108.95
935.0 109.1
936.0 109.3
940.0 109.55
941.0 109.8
945.0 110.05
946.0 110.25
949.0 110.5
950.0 110.75
951.0 110.85
953.0 111.0
954.0 111.3
958.0 111.55
959.0 111.8
963.0 112.1
964.0 112.3
968.0 112.65
973.0 112.9
977.0 113.1
978.0 113.5
981.0 113.65
982.0 113.95
985.0 114.3
986.0 114.5
987.0 114.65
990.0 114.9
991.0 115.25
992.0 115.4
994.0 115.6
995.0 115.9
996.0 116.15
999.0 116.3
1000.0 116.4
1001.0 116.6
1004.0 116.85
1005.0 117.15
1008.0 117.3
1009.0 117.45
1010.0 117.65
1013.0 117.95
1014.0 118.2
1017.0 118.35
1018.0 118.5
1019.0 118.8
1023.0 118.95
