118.95
118.8
118.5
118.35
118.2
117.95
117.65
117.45
117.3
117.15
116.85
116.6
116.4
116.3
116.15
115.9
115.6
115.4
115.25
114.9
114.65
114.5
114.3
113.95
113.65
113.5
113.1
112.9
112.65
112.3
112.1
111.8
111.55
111.3
111
110.85
110.75
110.5
110.25
110.05
109.8
109.55
109.3
109.1
108.95
108.8
108.65
108.45
108.2
108
107.8
107.55
107.35
107.15
106.95
106.75
106.55
106.35
106.1
105.95
105.75
105.55
105.35
105.2
105
104.85
104.6
104.45
104.3
104.05
103.9
103.7
103.55
103.35
103.2
102.85
102.7
102.55
102.35
102.15
102.05
101.8
101.55
101.35
101.25
101.1
100.9
100.8
100.6
100.4
100.15
100
99.75
99.65
99.55
99.35
99.25
99.1
98.85
98.65
98.5
98.3
98.2
98.1
97.9
97.8
97.65
97.4
97.25
97
96.45
96.6
96.2
95.95
95.85
95.65
95.5
95.4
95.25
95.2
95.05
94.95
94.55
94.8
94.7
94.25
94.5
94.4
93.9
94.15
94.05
93.85
93.75
93.7
93.55
93.45
93.35
93.25
93.15
93