784.159004
785.123529
786.088055
787.05258
788.017105
788.98163
789.946156
790.910681
791.875206
792.839731
793.804256
794.768782
795.733307
796.697832
797.662357
798.626883
799.591408
801.520458
802.484983
803.449509
804.414034
806.343084
807.30761
808.272135
811.16571
812.130236
813.094761
815.988337
816.952862
817.917387
820.810963
821.775488
822.740013
825.633589
826.598114
827.562639
829.49169
830.456215
831.42074
834.087
834.314316
834.575
835.062
838.001
838.49
838.981
839.47
839.973
842.898
843.388
843.878
844.367
847.306
847.796
848.286
848.776
851.715
852.204
852.694
853.183
853.673
856.612
857.102
857.591
858.081
861.024
861.51
861.999
862.489
866.408
866.897
867.387
868.917
869.837
870.325
870.816
871.305
871.795
872.285
874.733
875.223
875.713
876.203
879.142
879.631
880.121
880.611
881.101
883.549
884.039
884.529
885.041
885.998
888.447
888.937
889.427
889.91
890.407
890.853
893.345
893.835
894.324
894.814
895.311
897.753
898.242
898.732
899.222
899.732
902.121
902.65
903.141
903.63
904.111
906.581
907.058
907.548
908.038
908.528
909.001
911.466
911.956
912.446
912.936
913.441
915.86
916.365
916.854
917.344
917.867
920.751
921.262
921.752
922.241
922.856
925.66
926.16
926.649
927.267
930.567
931.057
931.557
934.475
934.975
935.465
935.955
936.47
939.874
940.363
940.853
944.281
944.771
945.261
945.776
948.651
949.179
949.669
950.158
953.111
953.587
954.077
954.566
957.511
957.995
958.485
958.974
959.541
962.403
962.892
963.146
963.382
966.841
967.3
967.79
968.141
968.702
971.708
972.199
972.688
973.201
976.117
976.606
977.096
977.883
980.531
981.014
981.504
981.746
981.994
982.491
985.42
985.912
986.141
986.402
987.201
990.32
990.81
991.055
991.3
995.218
995.218
995.461
995.708
1000.116
1000.361
1000.605
1004.278
1004.524
1004.77
1005.013
1005.286
1008.685
1008.932
1009.176
1009.421
1009.911
1010.822
1013.34
1013.58
1013.829
1014.681
1017.574
1018.24
1018.48
